{
  "nbformat": 4,
  "nbformat_minor": 0,
  "metadata": {
    "colab": {
      "provenance": [],
      "gpuType": "T4",
      "mount_file_id": "1e9R3lMop2Ag0xGwvSCU5ho0dun5_KB-e",
      "authorship_tag": "ABX9TyMo9vPuSuCHwLxwJRDVmkk2",
      "include_colab_link": true
    },
    "kernelspec": {
      "name": "python3",
      "display_name": "Python 3"
    },
    "language_info": {
      "name": "python"
    },
    "accelerator": "GPU"
  },
  "cells": [
    {
      "cell_type": "markdown",
      "metadata": {
        "id": "view-in-github",
        "colab_type": "text"
      },
      "source": [
        "<a href=\"https://colab.research.google.com/github/SriRamK345/RetailSalses_Forecast/blob/main/ML.ipynb\" target=\"_parent\"><img src=\"https://colab.research.google.com/assets/colab-badge.svg\" alt=\"Open In Colab\"/></a>"
      ]
    },
    {
      "cell_type": "code",
      "source": [
        "# Data cleaning\n",
        "import pandas as pd\n",
        "import numpy as np\n",
        "# Visualization / EDA\n",
        "import plotly.express as px\n",
        "import matplotlib.pyplot as plt\n",
        "import seaborn as sns\n",
        "# Statistical analysis\n",
        "from scipy import stats\n",
        "# remove warnings\n",
        "import warnings\n",
        "warnings.filterwarnings(\"ignore\")\n",
        "# Split data for training and testing & Optimizing model parameters\n",
        "from sklearn.model_selection import train_test_split\n",
        "# Model evaluation\n",
        "from sklearn.metrics import mean_absolute_error, mean_squared_error, r2_score\n",
        "# Model selection\n",
        "from sklearn.tree import DecisionTreeRegressor\n",
        "from sklearn.ensemble import ExtraTreesRegressor\n",
        "from sklearn.ensemble import RandomForestRegressor\n",
        "from sklearn.ensemble import AdaBoostRegressor\n",
        "from sklearn.ensemble import GradientBoostingRegressor\n",
        "from xgboost import XGBRegressor"
      ],
      "metadata": {
        "id": "kKm0DKnRl5q7"
      },
      "execution_count": 1,
      "outputs": []
    },
    {
      "cell_type": "markdown",
      "source": [
        "### Import dataset"
      ],
      "metadata": {
        "id": "Fiwd_veMlY_u"
      }
    },
    {
      "cell_type": "code",
      "source": [
        "df = pd.read_csv(\"/content/drive/MyDrive/Final_Pro_Dataset/scaled_df.csv\")\n",
        "df.head()"
      ],
      "metadata": {
        "colab": {
          "base_uri": "https://localhost:8080/",
          "height": 226
        },
        "id": "wRp7d-CuldDn",
        "outputId": "4b451626-4aff-467b-e3f1-02799fa8ae0d"
      },
      "execution_count": 2,
      "outputs": [
        {
          "output_type": "execute_result",
          "data": {
            "text/plain": [
              "        Day     Month      Year     Store      Dept     Type      Size  \\\n",
              "0 -1.219345 -1.371894 -1.215359 -1.657605 -1.417264 -0.88462  0.238884   \n",
              "1 -1.219345 -1.371894 -1.215359 -1.657605 -1.384487 -0.88462  0.238884   \n",
              "2 -1.219345 -1.371894 -1.215359 -1.657605 -1.351710 -0.88462  0.238884   \n",
              "3 -1.219345 -1.371894 -1.215359 -1.657605 -1.318932 -0.88462  0.238884   \n",
              "4 -1.219345 -1.371894 -1.215359 -1.657605 -1.286155 -0.88462  0.238884   \n",
              "\n",
              "   IsHoliday  Temperature  Fuel_Price  MarkDown1  MarkDown2  MarkDown3  \\\n",
              "0    -0.2749    -0.963941   -1.720504   1.258858    0.24315    0.02662   \n",
              "1    -0.2749    -0.963941   -1.720504   1.258858    0.24315    0.02662   \n",
              "2    -0.2749    -0.963941   -1.720504   1.258858    0.24315    0.02662   \n",
              "3    -0.2749    -0.963941   -1.720504   1.258858    0.24315    0.02662   \n",
              "4    -0.2749    -0.963941   -1.720504   1.258858    0.24315    0.02662   \n",
              "\n",
              "   MarkDown4  MarkDown5       CPI  Unemployment  Weekly_Sales  \n",
              "0   1.681679   1.260649  1.018367      0.194551      0.747976  \n",
              "1   1.681679   1.260649  1.018367      0.194551      1.648668  \n",
              "2   1.681679   1.260649  1.018367      0.194551      0.202083  \n",
              "3   1.681679   1.260649  1.018367      0.194551      1.312042  \n",
              "4   1.681679   1.260649  1.018367      0.194551      1.038675  "
            ],
            "text/html": [
              "\n",
              "  <div id=\"df-aaf328a7-8924-46c5-8c7b-897def9dce95\" class=\"colab-df-container\">\n",
              "    <div>\n",
              "<style scoped>\n",
              "    .dataframe tbody tr th:only-of-type {\n",
              "        vertical-align: middle;\n",
              "    }\n",
              "\n",
              "    .dataframe tbody tr th {\n",
              "        vertical-align: top;\n",
              "    }\n",
              "\n",
              "    .dataframe thead th {\n",
              "        text-align: right;\n",
              "    }\n",
              "</style>\n",
              "<table border=\"1\" class=\"dataframe\">\n",
              "  <thead>\n",
              "    <tr style=\"text-align: right;\">\n",
              "      <th></th>\n",
              "      <th>Day</th>\n",
              "      <th>Month</th>\n",
              "      <th>Year</th>\n",
              "      <th>Store</th>\n",
              "      <th>Dept</th>\n",
              "      <th>Type</th>\n",
              "      <th>Size</th>\n",
              "      <th>IsHoliday</th>\n",
              "      <th>Temperature</th>\n",
              "      <th>Fuel_Price</th>\n",
              "      <th>MarkDown1</th>\n",
              "      <th>MarkDown2</th>\n",
              "      <th>MarkDown3</th>\n",
              "      <th>MarkDown4</th>\n",
              "      <th>MarkDown5</th>\n",
              "      <th>CPI</th>\n",
              "      <th>Unemployment</th>\n",
              "      <th>Weekly_Sales</th>\n",
              "    </tr>\n",
              "  </thead>\n",
              "  <tbody>\n",
              "    <tr>\n",
              "      <th>0</th>\n",
              "      <td>-1.219345</td>\n",
              "      <td>-1.371894</td>\n",
              "      <td>-1.215359</td>\n",
              "      <td>-1.657605</td>\n",
              "      <td>-1.417264</td>\n",
              "      <td>-0.88462</td>\n",
              "      <td>0.238884</td>\n",
              "      <td>-0.2749</td>\n",
              "      <td>-0.963941</td>\n",
              "      <td>-1.720504</td>\n",
              "      <td>1.258858</td>\n",
              "      <td>0.24315</td>\n",
              "      <td>0.02662</td>\n",
              "      <td>1.681679</td>\n",
              "      <td>1.260649</td>\n",
              "      <td>1.018367</td>\n",
              "      <td>0.194551</td>\n",
              "      <td>0.747976</td>\n",
              "    </tr>\n",
              "    <tr>\n",
              "      <th>1</th>\n",
              "      <td>-1.219345</td>\n",
              "      <td>-1.371894</td>\n",
              "      <td>-1.215359</td>\n",
              "      <td>-1.657605</td>\n",
              "      <td>-1.384487</td>\n",
              "      <td>-0.88462</td>\n",
              "      <td>0.238884</td>\n",
              "      <td>-0.2749</td>\n",
              "      <td>-0.963941</td>\n",
              "      <td>-1.720504</td>\n",
              "      <td>1.258858</td>\n",
              "      <td>0.24315</td>\n",
              "      <td>0.02662</td>\n",
              "      <td>1.681679</td>\n",
              "      <td>1.260649</td>\n",
              "      <td>1.018367</td>\n",
              "      <td>0.194551</td>\n",
              "      <td>1.648668</td>\n",
              "    </tr>\n",
              "    <tr>\n",
              "      <th>2</th>\n",
              "      <td>-1.219345</td>\n",
              "      <td>-1.371894</td>\n",
              "      <td>-1.215359</td>\n",
              "      <td>-1.657605</td>\n",
              "      <td>-1.351710</td>\n",
              "      <td>-0.88462</td>\n",
              "      <td>0.238884</td>\n",
              "      <td>-0.2749</td>\n",
              "      <td>-0.963941</td>\n",
              "      <td>-1.720504</td>\n",
              "      <td>1.258858</td>\n",
              "      <td>0.24315</td>\n",
              "      <td>0.02662</td>\n",
              "      <td>1.681679</td>\n",
              "      <td>1.260649</td>\n",
              "      <td>1.018367</td>\n",
              "      <td>0.194551</td>\n",
              "      <td>0.202083</td>\n",
              "    </tr>\n",
              "    <tr>\n",
              "      <th>3</th>\n",
              "      <td>-1.219345</td>\n",
              "      <td>-1.371894</td>\n",
              "      <td>-1.215359</td>\n",
              "      <td>-1.657605</td>\n",
              "      <td>-1.318932</td>\n",
              "      <td>-0.88462</td>\n",
              "      <td>0.238884</td>\n",
              "      <td>-0.2749</td>\n",
              "      <td>-0.963941</td>\n",
              "      <td>-1.720504</td>\n",
              "      <td>1.258858</td>\n",
              "      <td>0.24315</td>\n",
              "      <td>0.02662</td>\n",
              "      <td>1.681679</td>\n",
              "      <td>1.260649</td>\n",
              "      <td>1.018367</td>\n",
              "      <td>0.194551</td>\n",
              "      <td>1.312042</td>\n",
              "    </tr>\n",
              "    <tr>\n",
              "      <th>4</th>\n",
              "      <td>-1.219345</td>\n",
              "      <td>-1.371894</td>\n",
              "      <td>-1.215359</td>\n",
              "      <td>-1.657605</td>\n",
              "      <td>-1.286155</td>\n",
              "      <td>-0.88462</td>\n",
              "      <td>0.238884</td>\n",
              "      <td>-0.2749</td>\n",
              "      <td>-0.963941</td>\n",
              "      <td>-1.720504</td>\n",
              "      <td>1.258858</td>\n",
              "      <td>0.24315</td>\n",
              "      <td>0.02662</td>\n",
              "      <td>1.681679</td>\n",
              "      <td>1.260649</td>\n",
              "      <td>1.018367</td>\n",
              "      <td>0.194551</td>\n",
              "      <td>1.038675</td>\n",
              "    </tr>\n",
              "  </tbody>\n",
              "</table>\n",
              "</div>\n",
              "    <div class=\"colab-df-buttons\">\n",
              "\n",
              "  <div class=\"colab-df-container\">\n",
              "    <button class=\"colab-df-convert\" onclick=\"convertToInteractive('df-aaf328a7-8924-46c5-8c7b-897def9dce95')\"\n",
              "            title=\"Convert this dataframe to an interactive table.\"\n",
              "            style=\"display:none;\">\n",
              "\n",
              "  <svg xmlns=\"http://www.w3.org/2000/svg\" height=\"24px\" viewBox=\"0 -960 960 960\">\n",
              "    <path d=\"M120-120v-720h720v720H120Zm60-500h600v-160H180v160Zm220 220h160v-160H400v160Zm0 220h160v-160H400v160ZM180-400h160v-160H180v160Zm440 0h160v-160H620v160ZM180-180h160v-160H180v160Zm440 0h160v-160H620v160Z\"/>\n",
              "  </svg>\n",
              "    </button>\n",
              "\n",
              "  <style>\n",
              "    .colab-df-container {\n",
              "      display:flex;\n",
              "      gap: 12px;\n",
              "    }\n",
              "\n",
              "    .colab-df-convert {\n",
              "      background-color: #E8F0FE;\n",
              "      border: none;\n",
              "      border-radius: 50%;\n",
              "      cursor: pointer;\n",
              "      display: none;\n",
              "      fill: #1967D2;\n",
              "      height: 32px;\n",
              "      padding: 0 0 0 0;\n",
              "      width: 32px;\n",
              "    }\n",
              "\n",
              "    .colab-df-convert:hover {\n",
              "      background-color: #E2EBFA;\n",
              "      box-shadow: 0px 1px 2px rgba(60, 64, 67, 0.3), 0px 1px 3px 1px rgba(60, 64, 67, 0.15);\n",
              "      fill: #174EA6;\n",
              "    }\n",
              "\n",
              "    .colab-df-buttons div {\n",
              "      margin-bottom: 4px;\n",
              "    }\n",
              "\n",
              "    [theme=dark] .colab-df-convert {\n",
              "      background-color: #3B4455;\n",
              "      fill: #D2E3FC;\n",
              "    }\n",
              "\n",
              "    [theme=dark] .colab-df-convert:hover {\n",
              "      background-color: #434B5C;\n",
              "      box-shadow: 0px 1px 3px 1px rgba(0, 0, 0, 0.15);\n",
              "      filter: drop-shadow(0px 1px 2px rgba(0, 0, 0, 0.3));\n",
              "      fill: #FFFFFF;\n",
              "    }\n",
              "  </style>\n",
              "\n",
              "    <script>\n",
              "      const buttonEl =\n",
              "        document.querySelector('#df-aaf328a7-8924-46c5-8c7b-897def9dce95 button.colab-df-convert');\n",
              "      buttonEl.style.display =\n",
              "        google.colab.kernel.accessAllowed ? 'block' : 'none';\n",
              "\n",
              "      async function convertToInteractive(key) {\n",
              "        const element = document.querySelector('#df-aaf328a7-8924-46c5-8c7b-897def9dce95');\n",
              "        const dataTable =\n",
              "          await google.colab.kernel.invokeFunction('convertToInteractive',\n",
              "                                                    [key], {});\n",
              "        if (!dataTable) return;\n",
              "\n",
              "        const docLinkHtml = 'Like what you see? Visit the ' +\n",
              "          '<a target=\"_blank\" href=https://colab.research.google.com/notebooks/data_table.ipynb>data table notebook</a>'\n",
              "          + ' to learn more about interactive tables.';\n",
              "        element.innerHTML = '';\n",
              "        dataTable['output_type'] = 'display_data';\n",
              "        await google.colab.output.renderOutput(dataTable, element);\n",
              "        const docLink = document.createElement('div');\n",
              "        docLink.innerHTML = docLinkHtml;\n",
              "        element.appendChild(docLink);\n",
              "      }\n",
              "    </script>\n",
              "  </div>\n",
              "\n",
              "\n",
              "<div id=\"df-66ae81b8-1e0a-4b48-984a-915d34716655\">\n",
              "  <button class=\"colab-df-quickchart\" onclick=\"quickchart('df-66ae81b8-1e0a-4b48-984a-915d34716655')\"\n",
              "            title=\"Suggest charts\"\n",
              "            style=\"display:none;\">\n",
              "\n",
              "<svg xmlns=\"http://www.w3.org/2000/svg\" height=\"24px\"viewBox=\"0 0 24 24\"\n",
              "     width=\"24px\">\n",
              "    <g>\n",
              "        <path d=\"M19 3H5c-1.1 0-2 .9-2 2v14c0 1.1.9 2 2 2h14c1.1 0 2-.9 2-2V5c0-1.1-.9-2-2-2zM9 17H7v-7h2v7zm4 0h-2V7h2v10zm4 0h-2v-4h2v4z\"/>\n",
              "    </g>\n",
              "</svg>\n",
              "  </button>\n",
              "\n",
              "<style>\n",
              "  .colab-df-quickchart {\n",
              "      --bg-color: #E8F0FE;\n",
              "      --fill-color: #1967D2;\n",
              "      --hover-bg-color: #E2EBFA;\n",
              "      --hover-fill-color: #174EA6;\n",
              "      --disabled-fill-color: #AAA;\n",
              "      --disabled-bg-color: #DDD;\n",
              "  }\n",
              "\n",
              "  [theme=dark] .colab-df-quickchart {\n",
              "      --bg-color: #3B4455;\n",
              "      --fill-color: #D2E3FC;\n",
              "      --hover-bg-color: #434B5C;\n",
              "      --hover-fill-color: #FFFFFF;\n",
              "      --disabled-bg-color: #3B4455;\n",
              "      --disabled-fill-color: #666;\n",
              "  }\n",
              "\n",
              "  .colab-df-quickchart {\n",
              "    background-color: var(--bg-color);\n",
              "    border: none;\n",
              "    border-radius: 50%;\n",
              "    cursor: pointer;\n",
              "    display: none;\n",
              "    fill: var(--fill-color);\n",
              "    height: 32px;\n",
              "    padding: 0;\n",
              "    width: 32px;\n",
              "  }\n",
              "\n",
              "  .colab-df-quickchart:hover {\n",
              "    background-color: var(--hover-bg-color);\n",
              "    box-shadow: 0 1px 2px rgba(60, 64, 67, 0.3), 0 1px 3px 1px rgba(60, 64, 67, 0.15);\n",
              "    fill: var(--button-hover-fill-color);\n",
              "  }\n",
              "\n",
              "  .colab-df-quickchart-complete:disabled,\n",
              "  .colab-df-quickchart-complete:disabled:hover {\n",
              "    background-color: var(--disabled-bg-color);\n",
              "    fill: var(--disabled-fill-color);\n",
              "    box-shadow: none;\n",
              "  }\n",
              "\n",
              "  .colab-df-spinner {\n",
              "    border: 2px solid var(--fill-color);\n",
              "    border-color: transparent;\n",
              "    border-bottom-color: var(--fill-color);\n",
              "    animation:\n",
              "      spin 1s steps(1) infinite;\n",
              "  }\n",
              "\n",
              "  @keyframes spin {\n",
              "    0% {\n",
              "      border-color: transparent;\n",
              "      border-bottom-color: var(--fill-color);\n",
              "      border-left-color: var(--fill-color);\n",
              "    }\n",
              "    20% {\n",
              "      border-color: transparent;\n",
              "      border-left-color: var(--fill-color);\n",
              "      border-top-color: var(--fill-color);\n",
              "    }\n",
              "    30% {\n",
              "      border-color: transparent;\n",
              "      border-left-color: var(--fill-color);\n",
              "      border-top-color: var(--fill-color);\n",
              "      border-right-color: var(--fill-color);\n",
              "    }\n",
              "    40% {\n",
              "      border-color: transparent;\n",
              "      border-right-color: var(--fill-color);\n",
              "      border-top-color: var(--fill-color);\n",
              "    }\n",
              "    60% {\n",
              "      border-color: transparent;\n",
              "      border-right-color: var(--fill-color);\n",
              "    }\n",
              "    80% {\n",
              "      border-color: transparent;\n",
              "      border-right-color: var(--fill-color);\n",
              "      border-bottom-color: var(--fill-color);\n",
              "    }\n",
              "    90% {\n",
              "      border-color: transparent;\n",
              "      border-bottom-color: var(--fill-color);\n",
              "    }\n",
              "  }\n",
              "</style>\n",
              "\n",
              "  <script>\n",
              "    async function quickchart(key) {\n",
              "      const quickchartButtonEl =\n",
              "        document.querySelector('#' + key + ' button');\n",
              "      quickchartButtonEl.disabled = true;  // To prevent multiple clicks.\n",
              "      quickchartButtonEl.classList.add('colab-df-spinner');\n",
              "      try {\n",
              "        const charts = await google.colab.kernel.invokeFunction(\n",
              "            'suggestCharts', [key], {});\n",
              "      } catch (error) {\n",
              "        console.error('Error during call to suggestCharts:', error);\n",
              "      }\n",
              "      quickchartButtonEl.classList.remove('colab-df-spinner');\n",
              "      quickchartButtonEl.classList.add('colab-df-quickchart-complete');\n",
              "    }\n",
              "    (() => {\n",
              "      let quickchartButtonEl =\n",
              "        document.querySelector('#df-66ae81b8-1e0a-4b48-984a-915d34716655 button');\n",
              "      quickchartButtonEl.style.display =\n",
              "        google.colab.kernel.accessAllowed ? 'block' : 'none';\n",
              "    })();\n",
              "  </script>\n",
              "</div>\n",
              "\n",
              "    </div>\n",
              "  </div>\n"
            ],
            "application/vnd.google.colaboratory.intrinsic+json": {
              "type": "dataframe",
              "variable_name": "df"
            }
          },
          "metadata": {},
          "execution_count": 2
        }
      ]
    },
    {
      "cell_type": "code",
      "source": [
        "df.shape"
      ],
      "metadata": {
        "colab": {
          "base_uri": "https://localhost:8080/"
        },
        "id": "4e3VyAbwldGa",
        "outputId": "ab3324f0-ed2c-446c-db39-4aa3c2a85a34"
      },
      "execution_count": 3,
      "outputs": [
        {
          "output_type": "execute_result",
          "data": {
            "text/plain": [
              "(420150, 18)"
            ]
          },
          "metadata": {},
          "execution_count": 3
        }
      ]
    },
    {
      "cell_type": "code",
      "source": [
        "df.isnull().sum()"
      ],
      "metadata": {
        "colab": {
          "base_uri": "https://localhost:8080/"
        },
        "id": "9TWwAWO-l1Co",
        "outputId": "ff41d707-80e7-42bc-aab8-1cedf37e6db9"
      },
      "execution_count": 4,
      "outputs": [
        {
          "output_type": "execute_result",
          "data": {
            "text/plain": [
              "Day             0\n",
              "Month           0\n",
              "Year            0\n",
              "Store           0\n",
              "Dept            0\n",
              "Type            0\n",
              "Size            0\n",
              "IsHoliday       0\n",
              "Temperature     0\n",
              "Fuel_Price      0\n",
              "MarkDown1       0\n",
              "MarkDown2       0\n",
              "MarkDown3       0\n",
              "MarkDown4       0\n",
              "MarkDown5       0\n",
              "CPI             0\n",
              "Unemployment    0\n",
              "Weekly_Sales    0\n",
              "dtype: int64"
            ]
          },
          "metadata": {},
          "execution_count": 4
        }
      ]
    },
    {
      "cell_type": "code",
      "source": [
        "df.columns"
      ],
      "metadata": {
        "colab": {
          "base_uri": "https://localhost:8080/"
        },
        "id": "b2D7JALzmhQv",
        "outputId": "4b14987c-fff7-4f3d-b72a-853901842877"
      },
      "execution_count": 5,
      "outputs": [
        {
          "output_type": "execute_result",
          "data": {
            "text/plain": [
              "Index(['Day', 'Month', 'Year', 'Store', 'Dept', 'Type', 'Size', 'IsHoliday',\n",
              "       'Temperature', 'Fuel_Price', 'MarkDown1', 'MarkDown2', 'MarkDown3',\n",
              "       'MarkDown4', 'MarkDown5', 'CPI', 'Unemployment', 'Weekly_Sales'],\n",
              "      dtype='object')"
            ]
          },
          "metadata": {},
          "execution_count": 5
        }
      ]
    },
    {
      "cell_type": "markdown",
      "source": [
        "### Separating Data into Test and Training Set"
      ],
      "metadata": {
        "id": "7_Vwaso3dNXU"
      }
    },
    {
      "cell_type": "code",
      "source": [
        "from sklearn.model_selection import train_test_split"
      ],
      "metadata": {
        "id": "kkfqtBhudPFC"
      },
      "execution_count": 6,
      "outputs": []
    },
    {
      "cell_type": "code",
      "source": [
        "X = df.drop(\"Weekly_Sales\", axis =1 )\n",
        "y = df[\"Weekly_Sales\"]"
      ],
      "metadata": {
        "id": "49IEzExSdUeX"
      },
      "execution_count": 7,
      "outputs": []
    },
    {
      "cell_type": "code",
      "source": [
        "X_train, X_test, y_train, y_test = train_test_split(X, y, test_size=0.25, random_state=42)"
      ],
      "metadata": {
        "id": "1aguShXbdUko"
      },
      "execution_count": 8,
      "outputs": []
    },
    {
      "cell_type": "code",
      "source": [
        "print(f\"X_train: {X_train.shape[0]}\")\n",
        "print(f\"X_test: {X_test.shape[0]}\")\n",
        "print(f\"y_train: {y_train.shape[0]}\")\n",
        "print(f\"y_test: {y_test.shape[0]}\")"
      ],
      "metadata": {
        "id": "u0iwHBFrdUnU",
        "colab": {
          "base_uri": "https://localhost:8080/"
        },
        "outputId": "6c9e4485-b6bf-4177-e343-9ad40d78ed2a"
      },
      "execution_count": 9,
      "outputs": [
        {
          "output_type": "stream",
          "name": "stdout",
          "text": [
            "X_train: 315112\n",
            "X_test: 105038\n",
            "y_train: 315112\n",
            "y_test: 105038\n"
          ]
        }
      ]
    },
    {
      "cell_type": "code",
      "source": [
        "corr_matrix = df.corr()\n",
        "corr_matrix"
      ],
      "metadata": {
        "colab": {
          "base_uri": "https://localhost:8080/",
          "height": 634
        },
        "id": "Dz-F3sOYJERG",
        "outputId": "e3825e9b-df0d-4f38-ba2f-f24214b355ac"
      },
      "execution_count": 10,
      "outputs": [
        {
          "output_type": "execute_result",
          "data": {
            "text/plain": [
              "                   Day     Month      Year     Store      Dept      Type  \\\n",
              "Day           1.000000  0.016015  0.005957  0.000044 -0.000861  0.000313   \n",
              "Month         0.016015  1.000000 -0.194202  0.001005  0.000708 -0.000011   \n",
              "Year          0.005957 -0.194202  1.000000  0.002789  0.003756  0.004050   \n",
              "Store         0.000044  0.001005  0.002789  1.000000  0.024265  0.226352   \n",
              "Dept         -0.000861  0.000708  0.003756  0.024265  1.000000  0.003181   \n",
              "Type          0.000313 -0.000011  0.004050  0.226352  0.003181  1.000000   \n",
              "Size         -0.000478 -0.001173 -0.004663 -0.182737 -0.002529 -0.811527   \n",
              "IsHoliday     0.044851  0.122693 -0.056418 -0.000487  0.000345 -0.000908   \n",
              "Temperature   0.027000  0.236176  0.065643 -0.050281  0.004775  0.042993   \n",
              "Fuel_Price    0.028148 -0.040871  0.779681  0.065298  0.003565  0.029446   \n",
              "MarkDown1    -0.070032 -0.043646 -0.650961 -0.115660 -0.009198 -0.091996   \n",
              "MarkDown2    -0.025848 -0.140472 -0.199594 -0.075544 -0.004741 -0.148083   \n",
              "MarkDown3     0.021751  0.106867 -0.241623 -0.103322 -0.002519 -0.136982   \n",
              "MarkDown4    -0.080355 -0.043638 -0.669096 -0.081766 -0.004852 -0.233371   \n",
              "MarkDown5    -0.079223  0.046026 -0.350067 -0.107293 -0.002430 -0.374240   \n",
              "CPI           0.002822  0.005446  0.074520 -0.211325 -0.007167 -0.065065   \n",
              "Unemployment -0.004308 -0.015214 -0.260444  0.204985  0.007860  0.138268   \n",
              "Weekly_Sales -0.007064  0.026542 -0.013341 -0.102684  0.102679 -0.224206   \n",
              "\n",
              "                  Size  IsHoliday  Temperature  Fuel_Price  MarkDown1  \\\n",
              "Day          -0.000478   0.044851     0.027000    0.028148  -0.070032   \n",
              "Month        -0.001173   0.122693     0.236176   -0.040871  -0.043646   \n",
              "Year         -0.004663  -0.056418     0.065643    0.779681  -0.650961   \n",
              "Store        -0.182737  -0.000487    -0.050281    0.065298  -0.115660   \n",
              "Dept         -0.002529   0.000345     0.004775    0.003565  -0.009198   \n",
              "Type         -0.811527  -0.000908     0.042993    0.029446  -0.091996   \n",
              "Size          1.000000   0.000633    -0.058344    0.003682   0.132348   \n",
              "IsHoliday     0.000633   1.000000    -0.155673   -0.078120   0.001049   \n",
              "Temperature  -0.058344  -0.155673     1.000000    0.143674  -0.072945   \n",
              "Fuel_Price    0.003682  -0.078120     0.143674    1.000000  -0.695284   \n",
              "MarkDown1     0.132348   0.001049    -0.072945   -0.695284   1.000000   \n",
              "MarkDown2     0.207283   0.235909    -0.473407   -0.213887   0.169201   \n",
              "MarkDown3     0.174052   0.452030    -0.142861   -0.220602   0.154882   \n",
              "MarkDown4     0.270635   0.007771    -0.051196   -0.717232   0.837775   \n",
              "MarkDown5     0.404510  -0.110033     0.068059   -0.257877   0.319151   \n",
              "CPI          -0.003918  -0.001831     0.182197   -0.164212  -0.011197   \n",
              "Unemployment -0.061661   0.011713     0.087591   -0.062269   0.082687   \n",
              "Weekly_Sales  0.297248   0.006620    -0.010828    0.000548   0.042081   \n",
              "\n",
              "              MarkDown2  MarkDown3  MarkDown4  MarkDown5       CPI  \\\n",
              "Day           -0.025848   0.021751  -0.080355  -0.079223  0.002822   \n",
              "Month         -0.140472   0.106867  -0.043638   0.046026  0.005446   \n",
              "Year          -0.199594  -0.241623  -0.669096  -0.350067  0.074520   \n",
              "Store         -0.075544  -0.103322  -0.081766  -0.107293 -0.211325   \n",
              "Dept          -0.004741  -0.002519  -0.004852  -0.002430 -0.007167   \n",
              "Type          -0.148083  -0.136982  -0.233371  -0.374240 -0.065065   \n",
              "Size           0.207283   0.174052   0.270635   0.404510 -0.003918   \n",
              "IsHoliday      0.235909   0.452030   0.007771  -0.110033 -0.001831   \n",
              "Temperature   -0.473407  -0.142861  -0.051196   0.068059  0.182197   \n",
              "Fuel_Price    -0.213887  -0.220602  -0.717232  -0.257877 -0.164212   \n",
              "MarkDown1      0.169201   0.154882   0.837775   0.319151 -0.011197   \n",
              "MarkDown2      1.000000   0.163530   0.181633   0.149770 -0.187133   \n",
              "MarkDown3      0.163530   1.000000   0.173970   0.074191 -0.088947   \n",
              "MarkDown4      0.181633   0.173970   1.000000   0.364693  0.037309   \n",
              "MarkDown5      0.149770   0.074191   0.364693   1.000000 -0.111245   \n",
              "CPI           -0.187133  -0.088947   0.037309  -0.111245  1.000000   \n",
              "Unemployment   0.022028   0.033694   0.109513   0.153381 -0.245176   \n",
              "Weekly_Sales   0.070567   0.076506   0.078041   0.135450 -0.027857   \n",
              "\n",
              "              Unemployment  Weekly_Sales  \n",
              "Day              -0.004308     -0.007064  \n",
              "Month            -0.015214      0.026542  \n",
              "Year             -0.260444     -0.013341  \n",
              "Store             0.204985     -0.102684  \n",
              "Dept              0.007860      0.102679  \n",
              "Type              0.138268     -0.224206  \n",
              "Size             -0.061661      0.297248  \n",
              "IsHoliday         0.011713      0.006620  \n",
              "Temperature       0.087591     -0.010828  \n",
              "Fuel_Price       -0.062269      0.000548  \n",
              "MarkDown1         0.082687      0.042081  \n",
              "MarkDown2         0.022028      0.070567  \n",
              "MarkDown3         0.033694      0.076506  \n",
              "MarkDown4         0.109513      0.078041  \n",
              "MarkDown5         0.153381      0.135450  \n",
              "CPI              -0.245176     -0.027857  \n",
              "Unemployment      1.000000     -0.029538  \n",
              "Weekly_Sales     -0.029538      1.000000  "
            ],
            "text/html": [
              "\n",
              "  <div id=\"df-fcadfdc1-f29f-4bb3-a0ac-5f01996912d2\" class=\"colab-df-container\">\n",
              "    <div>\n",
              "<style scoped>\n",
              "    .dataframe tbody tr th:only-of-type {\n",
              "        vertical-align: middle;\n",
              "    }\n",
              "\n",
              "    .dataframe tbody tr th {\n",
              "        vertical-align: top;\n",
              "    }\n",
              "\n",
              "    .dataframe thead th {\n",
              "        text-align: right;\n",
              "    }\n",
              "</style>\n",
              "<table border=\"1\" class=\"dataframe\">\n",
              "  <thead>\n",
              "    <tr style=\"text-align: right;\">\n",
              "      <th></th>\n",
              "      <th>Day</th>\n",
              "      <th>Month</th>\n",
              "      <th>Year</th>\n",
              "      <th>Store</th>\n",
              "      <th>Dept</th>\n",
              "      <th>Type</th>\n",
              "      <th>Size</th>\n",
              "      <th>IsHoliday</th>\n",
              "      <th>Temperature</th>\n",
              "      <th>Fuel_Price</th>\n",
              "      <th>MarkDown1</th>\n",
              "      <th>MarkDown2</th>\n",
              "      <th>MarkDown3</th>\n",
              "      <th>MarkDown4</th>\n",
              "      <th>MarkDown5</th>\n",
              "      <th>CPI</th>\n",
              "      <th>Unemployment</th>\n",
              "      <th>Weekly_Sales</th>\n",
              "    </tr>\n",
              "  </thead>\n",
              "  <tbody>\n",
              "    <tr>\n",
              "      <th>Day</th>\n",
              "      <td>1.000000</td>\n",
              "      <td>0.016015</td>\n",
              "      <td>0.005957</td>\n",
              "      <td>0.000044</td>\n",
              "      <td>-0.000861</td>\n",
              "      <td>0.000313</td>\n",
              "      <td>-0.000478</td>\n",
              "      <td>0.044851</td>\n",
              "      <td>0.027000</td>\n",
              "      <td>0.028148</td>\n",
              "      <td>-0.070032</td>\n",
              "      <td>-0.025848</td>\n",
              "      <td>0.021751</td>\n",
              "      <td>-0.080355</td>\n",
              "      <td>-0.079223</td>\n",
              "      <td>0.002822</td>\n",
              "      <td>-0.004308</td>\n",
              "      <td>-0.007064</td>\n",
              "    </tr>\n",
              "    <tr>\n",
              "      <th>Month</th>\n",
              "      <td>0.016015</td>\n",
              "      <td>1.000000</td>\n",
              "      <td>-0.194202</td>\n",
              "      <td>0.001005</td>\n",
              "      <td>0.000708</td>\n",
              "      <td>-0.000011</td>\n",
              "      <td>-0.001173</td>\n",
              "      <td>0.122693</td>\n",
              "      <td>0.236176</td>\n",
              "      <td>-0.040871</td>\n",
              "      <td>-0.043646</td>\n",
              "      <td>-0.140472</td>\n",
              "      <td>0.106867</td>\n",
              "      <td>-0.043638</td>\n",
              "      <td>0.046026</td>\n",
              "      <td>0.005446</td>\n",
              "      <td>-0.015214</td>\n",
              "      <td>0.026542</td>\n",
              "    </tr>\n",
              "    <tr>\n",
              "      <th>Year</th>\n",
              "      <td>0.005957</td>\n",
              "      <td>-0.194202</td>\n",
              "      <td>1.000000</td>\n",
              "      <td>0.002789</td>\n",
              "      <td>0.003756</td>\n",
              "      <td>0.004050</td>\n",
              "      <td>-0.004663</td>\n",
              "      <td>-0.056418</td>\n",
              "      <td>0.065643</td>\n",
              "      <td>0.779681</td>\n",
              "      <td>-0.650961</td>\n",
              "      <td>-0.199594</td>\n",
              "      <td>-0.241623</td>\n",
              "      <td>-0.669096</td>\n",
              "      <td>-0.350067</td>\n",
              "      <td>0.074520</td>\n",
              "      <td>-0.260444</td>\n",
              "      <td>-0.013341</td>\n",
              "    </tr>\n",
              "    <tr>\n",
              "      <th>Store</th>\n",
              "      <td>0.000044</td>\n",
              "      <td>0.001005</td>\n",
              "      <td>0.002789</td>\n",
              "      <td>1.000000</td>\n",
              "      <td>0.024265</td>\n",
              "      <td>0.226352</td>\n",
              "      <td>-0.182737</td>\n",
              "      <td>-0.000487</td>\n",
              "      <td>-0.050281</td>\n",
              "      <td>0.065298</td>\n",
              "      <td>-0.115660</td>\n",
              "      <td>-0.075544</td>\n",
              "      <td>-0.103322</td>\n",
              "      <td>-0.081766</td>\n",
              "      <td>-0.107293</td>\n",
              "      <td>-0.211325</td>\n",
              "      <td>0.204985</td>\n",
              "      <td>-0.102684</td>\n",
              "    </tr>\n",
              "    <tr>\n",
              "      <th>Dept</th>\n",
              "      <td>-0.000861</td>\n",
              "      <td>0.000708</td>\n",
              "      <td>0.003756</td>\n",
              "      <td>0.024265</td>\n",
              "      <td>1.000000</td>\n",
              "      <td>0.003181</td>\n",
              "      <td>-0.002529</td>\n",
              "      <td>0.000345</td>\n",
              "      <td>0.004775</td>\n",
              "      <td>0.003565</td>\n",
              "      <td>-0.009198</td>\n",
              "      <td>-0.004741</td>\n",
              "      <td>-0.002519</td>\n",
              "      <td>-0.004852</td>\n",
              "      <td>-0.002430</td>\n",
              "      <td>-0.007167</td>\n",
              "      <td>0.007860</td>\n",
              "      <td>0.102679</td>\n",
              "    </tr>\n",
              "    <tr>\n",
              "      <th>Type</th>\n",
              "      <td>0.000313</td>\n",
              "      <td>-0.000011</td>\n",
              "      <td>0.004050</td>\n",
              "      <td>0.226352</td>\n",
              "      <td>0.003181</td>\n",
              "      <td>1.000000</td>\n",
              "      <td>-0.811527</td>\n",
              "      <td>-0.000908</td>\n",
              "      <td>0.042993</td>\n",
              "      <td>0.029446</td>\n",
              "      <td>-0.091996</td>\n",
              "      <td>-0.148083</td>\n",
              "      <td>-0.136982</td>\n",
              "      <td>-0.233371</td>\n",
              "      <td>-0.374240</td>\n",
              "      <td>-0.065065</td>\n",
              "      <td>0.138268</td>\n",
              "      <td>-0.224206</td>\n",
              "    </tr>\n",
              "    <tr>\n",
              "      <th>Size</th>\n",
              "      <td>-0.000478</td>\n",
              "      <td>-0.001173</td>\n",
              "      <td>-0.004663</td>\n",
              "      <td>-0.182737</td>\n",
              "      <td>-0.002529</td>\n",
              "      <td>-0.811527</td>\n",
              "      <td>1.000000</td>\n",
              "      <td>0.000633</td>\n",
              "      <td>-0.058344</td>\n",
              "      <td>0.003682</td>\n",
